DELETE 6079 6096
DELETE 5996 6020
DELETE 5924 5946 5967 5967
DELETE 5856 5898
DELETE 5822 5851
DELETE 5792 5809
DELETE 5684 5695 5702 5714
DELETE 5675 5682
DELETE 5117 5327 5335 5516 5598 5666
DELETE 5533 5589
DELETE 5027 5045
DELETE 5020 5025
DELETE 5000 5016
DELETE 4972 4995
DELETE 4891 4911
DELETE 4836 4860
DELETE 4568 4746
DELETE 4212 4383 4421 4519
DELETE 4390 4392
DELETE 3813 3839 3859 3860 3880 3938 4072 4104 4131 4157
DELETE 4018 4044 4058 4058
DELETE 3996 3999
DELETE 3861 3865
DELETE 3840 3844
DELETE 3471 3633 3666 3764
DELETE 3640 3642
DELETE 3226 3268 3271 3303 3365 3423
DELETE 3204 3208
DELETE 3181 3187
DELETE 908 931
RELABEL 4757 4757 4762 4774 4809 4811 4830 4831 >> 5525 5525 5530 5542 5569 5571 5590 5591
INSERT 5592 5595 5643 5645 5674 5676 5687 5690 5778 5781 5996 5998
MOVE 3939 3995 4000 4017 4059 4071 >> 5782 5837 5842 5857 5898 5902 5940 5944 5985 5995
MOVREL 3939 3966 4071 4071 >> 5782 5807 5995 5995
MOVREL 3967 3967 4070 4070 >> 5808 5808 5994 5994
RELABEL 5723 5731 5739 5739 >> 5954 5958 5984 5984
RELABEL 5732 5732 5738 5738 >> 5959 5959 5964 5964 5977 5977 5983 5983
INSERT 5978 5982
RELABEL 5733 5737 >> 5965 5976
INSERT 5960 5963
RELABEL 5719 5722 >> 5945 5953
MOVE 4105 4130 >> 5903 5939
MOVREL 4128 4128 >> 5926 5937
MOVREL 4113 4121 >> 5911 5919
RELABEL 5683 5683 5715 5715 >> 5864 5864 5897 5897
INSERT 5865 5896
INSERT 5838 5841
INSERT 5747 5759 5773 5773
RELABEL 5517 5517 5527 5527 5532 5532 5597 5597 >> 5760 5760 5764 5764 5766 5766 5772 5772
RELABEL 5590 5596 >> 5767 5771
RELABEL 5528 5531 >> 5765 5765
RELABEL 5518 5526 >> 5761 5763
RELABEL 5104 5107 >> 5736 5736
INSERT 5737 5737
RELABEL 5075 5075 5099 5099 >> 5697 5697 5731 5731
RELABEL 5088 5096 >> 5708 5712
RELABEL 5097 5098 >> 5713 5713 5717 5717 5719 5719 5730 5730
INSERT 5720 5729
INSERT 5718 5718
INSERT 5714 5716
RELABEL 5076 5082 >> 5698 5702
RELABEL 5057 5057 5065 5065 >> 5680 5680 5686 5686
RELABEL 5058 5064 >> 5681 5685
RELABEL 5051 5056 >> 5677 5679
RELABEL 5026 5026 5046 5046 >> 5652 5652 5673 5673
INSERT 5653 5672
INSERT 5646 5651
RELABEL 4922 4922 4968 4968 >> 5601 5601 5614 5614 5642 5642
RELABEL 4923 4932 >> 5615 5623
INSERT 5624 5641
RELABEL 4915 4921 >> 5602 5613
INSERT 5596 5600
RELABEL 4791 4804 >> 5559 5564
MOVE 3188 3203 3209 3225 >> 4117 4117 4124 4159 4173 4176 4190 4192
MOVREL 3188 3188 3193 3202 3224 3225 >> 4124 4124 4129 4141 4191 4192
MOVE 4832 4835 4861 4890 4912 4914 4969 4971 4996 4999 5017 5019 5047 5050 5066 5068 5671 5674 5716 5718 5740 5742 5785 5788 5852 5855 5899 5923 5968 5974 5987 5995 6021 6078 6097 6099 >> 4193 4196 4223 4244 4250 4268 4287 4364 4404 4407 5067 5133 5167 5171 5206 5285 5293 5299
MOVREL 4832 4835 4861 4863 4888 4890 4912 4914 4969 4971 4996 4999 5017 5019 5047 5050 5066 5068 5671 5674 5716 5718 5740 5742 5785 5788 5852 5855 5899 5923 5968 5971 6097 6099 >> 4193 4196 4223 4226 4288 4361 5297 5299
MOVREL 5972 5974 5987 5990 6068 6078 >> 4362 4364 4404 4407 5067 5076
INSERT 5286 5292
INSERT 5172 5186 5205 5205
MOVE 4045 4057 >> 5187 5187 5192 5204
INSERT 5188 5191
MOVE 3304 3315 3364 3364 >> 5134 5145 5166 5166
MOVE 3330 3349 >> 5146 5165
INSERT 4408 4508 4559 4563 4797 4928 4958 4965 4985 5035 5063 5066
MOVE 3316 3329 3350 3363 >> 5036 5049 5054 5062
MOVREL 3321 3328 >> 5041 5048 5062 5062
INSERT 5050 5053
MOVE 5975 5986 >> 4966 4984
MOVREL 5975 5978 >> 4966 4976
MOVE 3643 3665 >> 4935 4957
MOVE 3634 3639 >> 4929 4934
MOVREL 3634 3639 >> 4929 4934
MOVE 5789 5791 5817 5821 >> 4564 4566 4574 4578
MOVREL 5789 5791 5817 5821 >> 4564 4566 4574 4578
INSERT 4579 4624 4664 4676 4716 4796
MOVE 4933 4967 >> 4677 4715
MOVREL 4958 4966 >> 4702 4714
MOVE 4393 4420 >> 4636 4663
MOVE 4384 4389 >> 4625 4635
MOVREL 4384 4389 >> 4625 4635
MOVE 5810 5816 >> 4567 4573
MOVE 5743 5784 >> 4509 4524 4530 4540 4545 4558
MOVREL 5759 5769 >> 4530 4539
MOVREL 5770 5770 5777 5777 5783 5783 >> 4540 4540 4545 4545 4552 4552 4557 4557
MOVREL 5778 5782 >> 4553 4556
INSERT 4541 4544
INSERT 4525 4529
INSERT 4385 4396
MOVE 5328 5334 >> 4397 4403
MOVE 5947 5966 >> 4365 4384
MOVREL 4882 4886 >> 4250 4268
MOVE 3269 3270 >> 4269 4269 4286 4286
MOVREL 3269 3270 >> 4269 4269 4286 4286
INSERT 4270 4285
INSERT 4245 4249
INSERT 4197 4222
MOVREL 3203 3203 3223 3223 >> 4142 4142 4158 4159 4173 4176 4190 4190
MOVE 3866 3879 >> 4177 4189
MOVE 3845 3858 >> 4160 4172
MOVREL 3209 3209 3216 3222 >> 4150 4157
MOVREL 3210 3215 >> 4143 4149
MOVREL 3187 3181 >> 4117 4117
INSERT 4118 4123
INSERT 4111 4116
RELABEL 2270 2273 >> 3202 3205
INSERT 3260 3265
RELABEL 1250 1253 >> 2159 2162
INSERT 2186 2219
INSERT 2179 2179
INSERT 1851 1856
ALIGN 20 >> 20
ALIGN 22:25 >> 22:25
ALIGN 27 >> 26
ALIGN 33:39 >> 49:55
ALIGN 41:42 >> 57:58
ALIGN 43 >> 61
ALIGN 44:45 >> 63:64
ALIGN 47:52 >> 66:71
ALIGN 54:57 >> 73:76
ALIGN 59 >> 78
ALIGN 61:62 >> 80:81
ALIGN 68 >> 87
ALIGN 72:74 >> 91:93
ALIGN 77:84 >> 96:103
ALIGN 86:87 >> 105:106
ALIGN 87 >> 107
ALIGN 89:99 >> 110:120
ALIGN 102:109 >> 123:130
ALIGN 112:114 >> 133:135
ALIGN 116 >> 137
ALIGN 119:121 >> 140:142
ALIGN 125:128 >> 205:208
ALIGN 132:135 >> 212:215
ALIGN 222:223 >> 217:218
ALIGN 235:236 >> 224:225
ALIGN 263 >> 233
